 -1.00000000   0.00000000
 -0.99799800   0.00000000
 -0.99599600   0.00000000
 -0.99399399   0.00000000
 -0.99199199   0.00000000
 -0.98998999   0.00000000
 -0.98798799   0.00000000
 -0.98598599   0.00000000
 -0.98398398   0.00000000
 -0.98198198   0.00000000
 -0.97997998   0.00000000
 -0.97797798   0.00000000
 -0.97597598   0.00000000
 -0.97397397   0.00000000
 -0.97197197   0.00000000
 -0.96996997   0.00000000
 -0.96796797   0.00000000
 -0.96596597   0.00000000
 -0.96396396   0.00000000
 -0.96196196   0.00000000
 -0.95995996   0.00000000
 -0.95795796   0.00000000
 -0.95595596   0.00000000
 -0.95395395   0.00000000
 -0.95195195   0.00000000
 -0.94994995   0.00000000
 -0.94794795   0.00000000
 -0.94594595   0.00000000
 -0.94394394   0.00000000
 -0.94194194   0.00000000
 -0.93993994   0.00000000
 -0.93793794   0.00000000
 -0.93593594   0.00000000
 -0.93393393   0.00000000
 -0.93193193   0.00000000
 -0.92992993   0.00000000
 -0.92792793   0.00000000
 -0.92592593   0.00000000
 -0.92392392   0.00000000
 -0.92192192   0.00000000
 -0.91991992   0.00000000
 -0.91791792   0.00000000
 -0.91591592   0.00000000
 -0.91391391   0.00000000
 -0.91191191   0.00000000
 -0.90990991   0.00000000
 -0.90790791   0.00000000
 -0.90590591   0.00000000
 -0.90390390   0.00000000
 -0.90190190   0.00000000
 -0.89989990   0.00000000
 -0.89789790   0.00000000
 -0.89589590   0.00000000
 -0.89389389   0.00000000
 -0.89189189   0.00000000
 -0.88988989   0.00000000
 -0.88788789   0.00000000
 -0.88588589   0.00000000
 -0.88388388   0.00000000
 -0.88188188   0.00000000
 -0.87987988   0.00000000
 -0.87787788   0.00000000
 -0.87587588   0.00000000
 -0.87387387   0.00000000
 -0.87187187   0.00000000
 -0.86986987   0.00000000
 -0.86786787   0.00000000
 -0.86586587   0.00000000
 -0.86386386   0.00000000
 -0.86186186   0.00000000
 -0.85985986   0.00000000
 -0.85785786   0.00000000
 -0.85585586   0.00000000
 -0.85385385   0.00000000
 -0.85185185   0.00000000
 -0.84984985   0.00000000
 -0.84784785   0.00000000
 -0.84584585   0.00000000
 -0.84384384   0.00000000
 -0.84184184   0.00000000
 -0.83983984   0.00000000
 -0.83783784   0.00000000
 -0.83583584   0.00000000
 -0.83383383   0.00000000
 -0.83183183   0.00000000
 -0.82982983   0.00000000
 -0.82782783   0.00000000
 -0.82582583   0.00000000
 -0.82382382   0.00000000
 -0.82182182   0.00000000
 -0.81981982   0.00000000
 -0.81781782   0.00000000
 -0.81581582   0.00000000
 -0.81381381   0.00000000
 -0.81181181   0.00000000
 -0.80980981   0.00000000
 -0.80780781   0.00000000
 -0.80580581   0.00000000
 -0.80380380   0.00000000
 -0.80180180   0.00000000
 -0.79979980   0.00051056
 -0.79779780   0.00068974
 -0.79579580   0.00092615
 -0.79379379   0.00123602
 -0.79179179   0.00163955
 -0.78978979   0.00216160
 -0.78778779   0.00283257
 -0.78578579   0.00368924
 -0.78378378   0.00477580
 -0.78178178   0.00614480
 -0.77977978   0.00785819
 -0.77777778   0.00998827
 -0.77577578   0.01261858
 -0.77377377   0.01584468
 -0.77177177   0.01977467
 -0.76976977   0.02452945
 -0.76776777   0.03024260
 -0.76576577   0.03705982
 -0.76376376   0.04513778
 -0.76176176   0.05464242
 -0.75975976   0.06574647
 -0.75775776   0.07862629
 -0.75575576   0.09345787
 -0.75375375   0.11041213
 -0.75175175   0.12964939
 -0.74974975   0.15131326
 -0.74774775   0.17552392
 -0.74574575   0.20237108
 -0.74374374   0.23190674
 -0.74174174   0.26413814
 -0.73973974   0.29902097
 -0.73773774   0.33645346
 -0.73573574   0.37627135
 -0.73373373   0.41824438
 -0.73173173   0.46207436
 -0.72972973   0.50739530
 -0.72772773   0.55377559
 -0.72572573   0.60072261
 -0.72372372   0.64768963
 -0.72172172   0.69408509
 -0.71971972   0.73928396
 -0.71771772   0.78264110
 -0.71571572   0.82350609
 -0.71371371   0.86123917
 -0.71171171   0.89522774
 -0.70970971   0.92490277
 -0.70770771   0.94975465
 -0.70570571   0.96934767
 -0.70370370   0.98333275
 -0.70170170   0.99145780
 -0.69969970   0.99357523
 -0.69769770   0.98964645
 -0.69569570   0.97974302
 -0.69369369   0.96404451
 -0.69169169   0.94283301
 -0.68968969   0.91648481
 -0.68768769   0.88545921
 -0.68568569   0.85028524
 -0.68368368   0.81154671
 -0.68168168   0.76986610
 -0.67967968   0.72588809
 -0.67767768   0.68026314
 -0.67567568   0.63363187
 -0.67367367   0.58661057
 -0.67167167   0.53977846
 -0.66966967   0.49366692
 -0.66766767   0.44875087
 -0.66566567   0.40544260
 -0.66366366   0.36408791
 -0.66166166   0.32496452
 -0.65965966   0.28828261
 -0.65765766   0.25418724
 -0.65565566   0.22276238
 -0.65365365   0.19403620
 -0.65165165   0.16798731
 -0.64964965   0.14455163
 -0.64764765   0.12362956
 -0.64564565   0.10509316
 -0.64364364   0.08879313
 -0.64164164   0.07456536
 -0.63963964   0.06223686
 -0.63763764   0.05163105
 -0.63563564   0.04257230
 -0.63363363   0.03488960
 -0.63163163   0.02841958
 -0.62962963   0.02300871
 -0.62762763   0.01851482
 -0.62562563   0.01480811
 -0.62362362   0.01177151
 -0.62162162   0.00930075
 -0.61961962   0.00730392
 -0.61761762   0.00570095
 -0.61561562   0.00442274
 -0.61361361   0.00341026
 -0.61161161   0.00261359
 -0.60960961   0.00199085
 -0.60760761   0.00150728
 -0.60560561   0.00113423
 -0.60360360   0.00084832
 -0.60160160   0.00063063
 -0.59959960   0.00000000
 -0.59759760   0.00000000
 -0.59559560   0.00000000
 -0.59359359   0.00000000
 -0.59159159   0.00000000
 -0.58958959   0.00000000
 -0.58758759   0.00000000
 -0.58558559   0.00000000
 -0.58358358   0.00000000
 -0.58158158   0.00000000
 -0.57957958   0.00000000
 -0.57757758   0.00000000
 -0.57557558   0.00000000
 -0.57357357   0.00000000
 -0.57157157   0.00000000
 -0.56956957   0.00000000
 -0.56756757   0.00000000
 -0.56556557   0.00000000
 -0.56356356   0.00000000
 -0.56156156   0.00000000
 -0.55955956   0.00000000
 -0.55755756   0.00000000
 -0.55555556   0.00000000
 -0.55355355   0.00000000
 -0.55155155   0.00000000
 -0.54954955   0.00000000
 -0.54754755   0.00000000
 -0.54554555   0.00000000
 -0.54354354   0.00000000
 -0.54154154   0.00000000
 -0.53953954   0.00000000
 -0.53753754   0.00000000
 -0.53553554   0.00000000
 -0.53353353   0.00000000
 -0.53153153   0.00000000
 -0.52952953   0.00000000
 -0.52752753   0.00000000
 -0.52552553   0.00000000
 -0.52352352   0.00000000
 -0.52152152   0.00000000
 -0.51951952   0.00000000
 -0.51751752   0.00000000
 -0.51551552   0.00000000
 -0.51351351   0.00000000
 -0.51151151   0.00000000
 -0.50950951   0.00000000
 -0.50750751   0.00000000
 -0.50550551   0.00000000
 -0.50350350   0.00000000
 -0.50150150   0.00000000
 -0.49949950   0.00000000
 -0.49749750   0.00000000
 -0.49549550   0.00000000
 -0.49349349   0.00000000
 -0.49149149   0.00000000
 -0.48948949   0.00000000
 -0.48748749   0.00000000
 -0.48548549   0.00000000
 -0.48348348   0.00000000
 -0.48148148   0.00000000
 -0.47947948   0.00000000
 -0.47747748   0.00000000
 -0.47547548   0.00000000
 -0.47347347   0.00000000
 -0.47147147   0.00000000
 -0.46946947   0.00000000
 -0.46746747   0.00000000
 -0.46546547   0.00000000
 -0.46346346   0.00000000
 -0.46146146   0.00000000
 -0.45945946   0.00000000
 -0.45745746   0.00000000
 -0.45545546   0.00000000
 -0.45345345   0.00000000
 -0.45145145   0.00000000
 -0.44944945   0.00000000
 -0.44744745   0.00000000
 -0.44544545   0.00000000
 -0.44344344   0.00000000
 -0.44144144   0.00000000
 -0.43943944   0.00000000
 -0.43743744   0.00000000
 -0.43543544   0.00000000
 -0.43343343   0.00000000
 -0.43143143   0.00000000
 -0.42942943   0.00000000
 -0.42742743   0.00000000
 -0.42542543   0.00000000
 -0.42342342   0.00000000
 -0.42142142   0.00000000
 -0.41941942   0.00000000
 -0.41741742   0.00000000
 -0.41541542   0.00000000
 -0.41341341   0.00000000
 -0.41141141   0.00000000
 -0.40940941   0.00000000
 -0.40740741   0.00000000
 -0.40540541   0.00000000
 -0.40340340   0.00000000
 -0.40140140   0.00000000
 -0.39939940   0.75000000
 -0.39739740   0.75000000
 -0.39539540   0.75000000
 -0.39339339   0.75000000
 -0.39139139   0.75000000
 -0.38938939   0.75000000
 -0.38738739   0.75000000
 -0.38538539   0.75000000
 -0.38338338   0.75000000
 -0.38138138   0.75000000
 -0.37937938   0.75000000
 -0.37737738   0.75000000
 -0.37537538   0.75000000
 -0.37337337   0.75000000
 -0.37137137   0.75000000
 -0.36936937   0.75000000
 -0.36736737   0.75000000
 -0.36536537   0.75000000
 -0.36336336   0.75000000
 -0.36136136   0.75000000
 -0.35935936   0.75000000
 -0.35735736   0.75000000
 -0.35535536   0.75000000
 -0.35335335   0.75000000
 -0.35135135   0.75000000
 -0.34934935   0.75000000
 -0.34734735   0.75000000
 -0.34534535   0.75000000
 -0.34334334   0.75000000
 -0.34134134   0.75000000
 -0.33933934   0.75000000
 -0.33733734   0.75000000
 -0.33533534   0.75000000
 -0.33333333   0.75000000
 -0.33133133   0.75000000
 -0.32932933   0.75000000
 -0.32732733   0.75000000
 -0.32532533   0.75000000
 -0.32332332   0.75000000
 -0.32132132   0.75000000
 -0.31931932   0.75000000
 -0.31731732   0.75000000
 -0.31531532   0.75000000
 -0.31331331   0.75000000
 -0.31131131   0.75000000
 -0.30930931   0.75000000
 -0.30730731   0.75000000
 -0.30530531   0.75000000
 -0.30330330   0.75000000
 -0.30130130   0.75000000
 -0.29929930   0.75000000
 -0.29729730   0.75000000
 -0.29529530   0.75000000
 -0.29329329   0.75000000
 -0.29129129   0.75000000
 -0.28928929   0.75000000
 -0.28728729   0.75000000
 -0.28528529   0.75000000
 -0.28328328   0.75000000
 -0.28128128   0.75000000
 -0.27927928   0.75000000
 -0.27727728   0.75000000
 -0.27527528   0.75000000
 -0.27327327   0.75000000
 -0.27127127   0.75000000
 -0.26926927   0.75000000
 -0.26726727   0.75000000
 -0.26526527   0.75000000
 -0.26326326   0.75000000
 -0.26126126   0.75000000
 -0.25925926   0.75000000
 -0.25725726   0.75000000
 -0.25525526   0.75000000
 -0.25325325   0.75000000
 -0.25125125   0.75000000
 -0.24924925   0.75000000
 -0.24724725   0.75000000
 -0.24524525   0.75000000
 -0.24324324   0.75000000
 -0.24124124   0.75000000
 -0.23923924   0.75000000
 -0.23723724   0.75000000
 -0.23523524   0.75000000
 -0.23323323   0.75000000
 -0.23123123   0.75000000
 -0.22922923   0.75000000
 -0.22722723   0.75000000
 -0.22522523   0.75000000
 -0.22322322   0.75000000
 -0.22122122   0.75000000
 -0.21921922   0.75000000
 -0.21721722   0.75000000
 -0.21521522   0.75000000
 -0.21321321   0.75000000
 -0.21121121   0.75000000
 -0.20920921   0.75000000
 -0.20720721   0.75000000
 -0.20520521   0.75000000
 -0.20320320   0.75000000
 -0.20120120   0.75000000
 -0.19919920   0.00000000
 -0.19719720   0.00000000
 -0.19519520   0.00000000
 -0.19319319   0.00000000
 -0.19119119   0.00000000
 -0.18918919   0.00000000
 -0.18718719   0.00000000
 -0.18518519   0.00000000
 -0.18318318   0.00000000
 -0.18118118   0.00000000
 -0.17917918   0.00000000
 -0.17717718   0.00000000
 -0.17517518   0.00000000
 -0.17317317   0.00000000
 -0.17117117   0.00000000
 -0.16916917   0.00000000
 -0.16716717   0.00000000
 -0.16516517   0.00000000
 -0.16316316   0.00000000
 -0.16116116   0.00000000
 -0.15915916   0.00000000
 -0.15715716   0.00000000
 -0.15515516   0.00000000
 -0.15315315   0.00000000
 -0.15115115   0.00000000
 -0.14914915   0.00000000
 -0.14714715   0.00000000
 -0.14514515   0.00000000
 -0.14314314   0.00000000
 -0.14114114   0.00000000
 -0.13913914   0.00000000
 -0.13713714   0.00000000
 -0.13513514   0.00000000
 -0.13313313   0.00000000
 -0.13113113   0.00000000
 -0.12912913   0.00000000
 -0.12712713   0.00000000
 -0.12512513   0.00000000
 -0.12312312   0.00000000
 -0.12112112   0.00000000
 -0.11911912   0.00000000
 -0.11711712   0.00000000
 -0.11511512   0.00000000
 -0.11311311   0.00000000
 -0.11111111   0.00000000
 -0.10910911   0.00000000
 -0.10710711   0.00000000
 -0.10510511   0.00000000
 -0.10310310   0.00000000
 -0.10110110   0.00000000
 -0.09909910   0.00000000
 -0.09709710   0.00000000
 -0.09509510   0.00000000
 -0.09309309   0.00000000
 -0.09109109   0.00000000
 -0.08908909   0.00000000
 -0.08708709   0.00000000
 -0.08508509   0.00000000
 -0.08308308   0.00000000
 -0.08108108   0.00000000
 -0.07907908   0.00000000
 -0.07707708   0.00000000
 -0.07507508   0.00000000
 -0.07307307   0.00000000
 -0.07107107   0.00000000
 -0.06906907   0.00000000
 -0.06706707   0.00000000
 -0.06506507   0.00000000
 -0.06306306   0.00000000
 -0.06106106   0.00000000
 -0.05905906   0.00000000
 -0.05705706   0.00000000
 -0.05505506   0.00000000
 -0.05305305   0.00000000
 -0.05105105   0.00000000
 -0.04904905   0.00000000
 -0.04704705   0.00000000
 -0.04504505   0.00000000
 -0.04304304   0.00000000
 -0.04104104   0.00000000
 -0.03903904   0.00000000
 -0.03703704   0.00000000
 -0.03503504   0.00000000
 -0.03303303   0.00000000
 -0.03103103   0.00000000
 -0.02902903   0.00000000
 -0.02702703   0.00000000
 -0.02502503   0.00000000
 -0.02302302   0.00000000
 -0.02102102   0.00000000
 -0.01901902   0.00000000
 -0.01701702   0.00000000
 -0.01501502   0.00000000
 -0.01301301   0.00000000
 -0.01101101   0.00000000
 -0.00900901   0.00000000
 -0.00700701   0.00000000
 -0.00500501   0.00000000
 -0.00300300   0.00000000
 -0.00100100   0.00000000
  0.00100100   0.01001001
  0.00300300   0.03003003
  0.00500501   0.05005005
  0.00700701   0.07007007
  0.00900901   0.09009009
  0.01101101   0.11011011
  0.01301301   0.13013013
  0.01501502   0.15015015
  0.01701702   0.17017017
  0.01901902   0.19019019
  0.02102102   0.21021021
  0.02302302   0.23023023
  0.02502503   0.25025025
  0.02702703   0.27027027
  0.02902903   0.29029029
  0.03103103   0.31031031
  0.03303303   0.33033033
  0.03503504   0.35035035
  0.03703704   0.37037037
  0.03903904   0.39039039
  0.04104104   0.41041041
  0.04304304   0.43043043
  0.04504505   0.45045045
  0.04704705   0.47047047
  0.04904905   0.49049049
  0.05105105   0.51051051
  0.05305305   0.53053053
  0.05505506   0.55055055
  0.05705706   0.57057057
  0.05905906   0.59059059
  0.06106106   0.61061061
  0.06306306   0.63063063
  0.06506507   0.65065065
  0.06706707   0.67067067
  0.06906907   0.69069069
  0.07107107   0.71071071
  0.07307307   0.73073073
  0.07507508   0.75075075
  0.07707708   0.77077077
  0.07907908   0.79079079
  0.08108108   0.81081081
  0.08308308   0.83083083
  0.08508509   0.85085085
  0.08708709   0.87087087
  0.08908909   0.89089089
  0.09109109   0.91091091
  0.09309309   0.93093093
  0.09509510   0.95095095
  0.09709710   0.97097097
  0.09909910   0.99099099
  0.10110110   0.98898899
  0.10310310   0.96896897
  0.10510511   0.94894895
  0.10710711   0.92892893
  0.10910911   0.90890891
  0.11111111   0.88888889
  0.11311311   0.86886887
  0.11511512   0.84884885
  0.11711712   0.82882883
  0.11911912   0.80880881
  0.12112112   0.78878879
  0.12312312   0.76876877
  0.12512513   0.74874875
  0.12712713   0.72872873
  0.12912913   0.70870871
  0.13113113   0.68868869
  0.13313313   0.66866867
  0.13513514   0.64864865
  0.13713714   0.62862863
  0.13913914   0.60860861
  0.14114114   0.58858859
  0.14314314   0.56856857
  0.14514515   0.54854855
  0.14714715   0.52852853
  0.14914915   0.50850851
  0.15115115   0.48848849
  0.15315315   0.46846847
  0.15515516   0.44844845
  0.15715716   0.42842843
  0.15915916   0.40840841
  0.16116116   0.38838839
  0.16316316   0.36836837
  0.16516517   0.34834835
  0.16716717   0.32832833
  0.16916917   0.30830831
  0.17117117   0.28828829
  0.17317317   0.26826827
  0.17517518   0.24824825
  0.17717718   0.22822823
  0.17917918   0.20820821
  0.18118118   0.18818819
  0.18318318   0.16816817
  0.18518519   0.14814815
  0.18718719   0.12812813
  0.18918919   0.10810811
  0.19119119   0.08808809
  0.19319319   0.06806807
  0.19519520   0.04804805
  0.19719720   0.02802803
  0.19919920   0.00800801
  0.20120120   0.00000000
  0.20320320   0.00000000
  0.20520521   0.00000000
  0.20720721   0.00000000
  0.20920921   0.00000000
  0.21121121   0.00000000
  0.21321321   0.00000000
  0.21521522   0.00000000
  0.21721722   0.00000000
  0.21921922   0.00000000
  0.22122122   0.00000000
  0.22322322   0.00000000
  0.22522523   0.00000000
  0.22722723   0.00000000
  0.22922923   0.00000000
  0.23123123   0.00000000
  0.23323323   0.00000000
  0.23523524   0.00000000
  0.23723724   0.00000000
  0.23923924   0.00000000
  0.24124124   0.00000000
  0.24324324   0.00000000
  0.24524525   0.00000000
  0.24724725   0.00000000
  0.24924925   0.00000000
  0.25125125   0.00000000
  0.25325325   0.00000000
  0.25525526   0.00000000
  0.25725726   0.00000000
  0.25925926   0.00000000
  0.26126126   0.00000000
  0.26326326   0.00000000
  0.26526527   0.00000000
  0.26726727   0.00000000
  0.26926927   0.00000000
  0.27127127   0.00000000
  0.27327327   0.00000000
  0.27527528   0.00000000
  0.27727728   0.00000000
  0.27927928   0.00000000
  0.28128128   0.00000000
  0.28328328   0.00000000
  0.28528529   0.00000000
  0.28728729   0.00000000
  0.28928929   0.00000000
  0.29129129   0.00000000
  0.29329329   0.00000000
  0.29529530   0.00000000
  0.29729730   0.00000000
  0.29929930   0.00000000
  0.30130130   0.00000000
  0.30330330   0.00000000
  0.30530531   0.00000000
  0.30730731   0.00000000
  0.30930931   0.00000000
  0.31131131   0.00000000
  0.31331331   0.00000000
  0.31531532   0.00000000
  0.31731732   0.00000000
  0.31931932   0.00000000
  0.32132132   0.00000000
  0.32332332   0.00000000
  0.32532533   0.00000000
  0.32732733   0.00000000
  0.32932933   0.00000000
  0.33133133   0.00000000
  0.33333333   0.00000000
  0.33533534   0.00000000
  0.33733734   0.00000000
  0.33933934   0.00000000
  0.34134134   0.00000000
  0.34334334   0.00000000
  0.34534535   0.00000000
  0.34734735   0.00000000
  0.34934935   0.00000000
  0.35135135   0.00000000
  0.35335335   0.00000000
  0.35535536   0.00000000
  0.35735736   0.00000000
  0.35935936   0.00000000
  0.36136136   0.00000000
  0.36336336   0.00000000
  0.36536537   0.00000000
  0.36736737   0.00000000
  0.36936937   0.00000000
  0.37137137   0.00000000
  0.37337337   0.00000000
  0.37537538   0.00000000
  0.37737738   0.00000000
  0.37937938   0.00000000
  0.38138138   0.00000000
  0.38338338   0.00000000
  0.38538539   0.00000000
  0.38738739   0.00000000
  0.38938939   0.00000000
  0.39139139   0.00000000
  0.39339339   0.00000000
  0.39539540   0.00000000
  0.39739740   0.00000000
  0.39939940   0.00000000
  0.40140140   0.16989165
  0.40340340   0.23932212
  0.40540541   0.30523569
  0.40740741   0.36856141
  0.40940941   0.41745347
  0.41141141   0.45946990
  0.41341341   0.49680508
  0.41541542   0.53059565
  0.41741742   0.56154592
  0.41941942   0.59013543
  0.42142142   0.61671083
  0.42342342   0.64153353
  0.42542543   0.66480693
  0.42742743   0.68669331
  0.42942943   0.70732471
  0.43143143   0.72681035
  0.43343343   0.74524182
  0.43543544   0.76269684
  0.43743744   0.77924200
  0.43943944   0.79493488
  0.44144144   0.80982562
  0.44344344   0.82395819
  0.44544545   0.83737137
  0.44744745   0.85009951
  0.44944945   0.86217322
  0.45145145   0.87361985
  0.45345345   0.88446391
  0.45545546   0.89472748
  0.45745746   0.90443043
  0.45945946   0.91359074
  0.46146146   0.92222467
  0.46346346   0.93034696
  0.46546547   0.93797097
  0.46746747   0.94510881
  0.46946947   0.95177148
  0.47147147   0.95796893
  0.47347347   0.96371018
  0.47547548   0.96900337
  0.47747748   0.97385584
  0.47947948   0.97827417
  0.48148148   0.98226425
  0.48348348   0.98583129
  0.48548549   0.98897988
  0.48748749   0.99171403
  0.48948949   0.99403717
  0.49149149   0.99595218
  0.49349349   0.99746143
  0.49549550   0.99856675
  0.49749750   0.99926950
  0.49949950   0.99957053
  0.50150150   0.99947020
  0.50350350   0.99896839
  0.50550551   0.99806449
  0.50750751   0.99675740
  0.50950951   0.99504553
  0.51151151   0.99292678
  0.51351351   0.99039853
  0.51551552   0.98745762
  0.51751752   0.98410035
  0.51951952   0.98032240
  0.52152152   0.97611889
  0.52352352   0.97148427
  0.52552553   0.96641231
  0.52752753   0.96089605
  0.52952953   0.95492777
  0.53153153   0.94849890
  0.53353353   0.94159995
  0.53553554   0.93422047
  0.53753754   0.92634891
  0.53953954   0.91797255
  0.54154154   0.90907736
  0.54354354   0.89964786
  0.54554555   0.88966697
  0.54754755   0.87911577
  0.54954955   0.86797333
  0.55155155   0.85621639
  0.55355355   0.84381907
  0.55555556   0.83075246
  0.55755756   0.81698414
  0.55955956   0.80247763
  0.56156156   0.78719168
  0.56356356   0.77107936
  0.56556557   0.75408699
  0.56756757   0.73615271
  0.56956957   0.71720466
  0.57157157   0.69715859
  0.57357357   0.67591464
  0.57557558   0.65335293
  0.57757758   0.62932743
  0.57957958   0.60365694
  0.58158158   0.57611168
  0.58358358   0.54639197
  0.58558559   0.51409259
  0.58758759   0.47863761
  0.58958959   0.43914575
  0.59159159   0.39408773
  0.59359359   0.33993542
  0.59559560   0.26623543
  0.59759760   0.20818251
  0.59959960   0.11362829
  0.60160160   0.00000000
  0.60360360   0.00000000
  0.60560561   0.00000000
  0.60760761   0.00000000
  0.60960961   0.00000000
  0.61161161   0.00000000
  0.61361361   0.00000000
  0.61561562   0.00000000
  0.61761762   0.00000000
  0.61961962   0.00000000
  0.62162162   0.00000000
  0.62362362   0.00000000
  0.62562563   0.00000000
  0.62762763   0.00000000
  0.62962963   0.00000000
  0.63163163   0.00000000
  0.63363363   0.00000000
  0.63563564   0.00000000
  0.63763764   0.00000000
  0.63963964   0.00000000
  0.64164164   0.00000000
  0.64364364   0.00000000
  0.64564565   0.00000000
  0.64764765   0.00000000
  0.64964965   0.00000000
  0.65165165   0.00000000
  0.65365365   0.00000000
  0.65565566   0.00000000
  0.65765766   0.00000000
  0.65965966   0.00000000
  0.66166166   0.00000000
  0.66366366   0.00000000
  0.66566567   0.00000000
  0.66766767   0.00000000
  0.66966967   0.00000000
  0.67167167   0.00000000
  0.67367367   0.00000000
  0.67567568   0.00000000
  0.67767768   0.00000000
  0.67967968   0.00000000
  0.68168168   0.00000000
  0.68368368   0.00000000
  0.68568569   0.00000000
  0.68768769   0.00000000
  0.68968969   0.00000000
  0.69169169   0.00000000
  0.69369369   0.00000000
  0.69569570   0.00000000
  0.69769770   0.00000000
  0.69969970   0.00000000
  0.70170170   0.00000000
  0.70370370   0.00000000
  0.70570571   0.00000000
  0.70770771   0.00000000
  0.70970971   0.00000000
  0.71171171   0.00000000
  0.71371371   0.00000000
  0.71571572   0.00000000
  0.71771772   0.00000000
  0.71971972   0.00000000
  0.72172172   0.00000000
  0.72372372   0.00000000
  0.72572573   0.00000000
  0.72772773   0.00000000
  0.72972973   0.00000000
  0.73173173   0.00000000
  0.73373373   0.00000000
  0.73573574   0.00000000
  0.73773774   0.00000000
  0.73973974   0.00000000
  0.74174174   0.00000000
  0.74374374   0.00000000
  0.74574575   0.00000000
  0.74774775   0.00000000
  0.74974975   0.00000000
  0.75175175   0.00000000
  0.75375375   0.00000000
  0.75575576   0.00000000
  0.75775776   0.00000000
  0.75975976   0.00000000
  0.76176176   0.00000000
  0.76376376   0.00000000
  0.76576577   0.00000000
  0.76776777   0.00000000
  0.76976977   0.00000000
  0.77177177   0.00000000
  0.77377377   0.00000000
  0.77577578   0.00000000
  0.77777778   0.00000000
  0.77977978   0.00000000
  0.78178178   0.00000000
  0.78378378   0.00000000
  0.78578579   0.00000000
  0.78778779   0.00000000
  0.78978979   0.00000000
  0.79179179   0.00000000
  0.79379379   0.00000000
  0.79579580   0.00000000
  0.79779780   0.00000000
  0.79979980   0.00000000
  0.80180180   0.00000000
  0.80380380   0.00000000
  0.80580581   0.00000000
  0.80780781   0.00000000
  0.80980981   0.00000000
  0.81181181   0.00000000
  0.81381381   0.00000000
  0.81581582   0.00000000
  0.81781782   0.00000000
  0.81981982   0.00000000
  0.82182182   0.00000000
  0.82382382   0.00000000
  0.82582583   0.00000000
  0.82782783   0.00000000
  0.82982983   0.00000000
  0.83183183   0.00000000
  0.83383383   0.00000000
  0.83583584   0.00000000
  0.83783784   0.00000000
  0.83983984   0.00000000
  0.84184184   0.00000000
  0.84384384   0.00000000
  0.84584585   0.00000000
  0.84784785   0.00000000
  0.84984985   0.00000000
  0.85185185   0.00000000
  0.85385385   0.00000000
  0.85585586   0.00000000
  0.85785786   0.00000000
  0.85985986   0.00000000
  0.86186186   0.00000000
  0.86386386   0.00000000
  0.86586587   0.00000000
  0.86786787   0.00000000
  0.86986987   0.00000000
  0.87187187   0.00000000
  0.87387387   0.00000000
  0.87587588   0.00000000
  0.87787788   0.00000000
  0.87987988   0.00000000
  0.88188188   0.00000000
  0.88388388   0.00000000
  0.88588589   0.00000000
  0.88788789   0.00000000
  0.88988989   0.00000000
  0.89189189   0.00000000
  0.89389389   0.00000000
  0.89589590   0.00000000
  0.89789790   0.00000000
  0.89989990   0.00000000
  0.90190190   0.00000000
  0.90390390   0.00000000
  0.90590591   0.00000000
  0.90790791   0.00000000
  0.90990991   0.00000000
  0.91191191   0.00000000
  0.91391391   0.00000000
  0.91591592   0.00000000
  0.91791792   0.00000000
  0.91991992   0.00000000
  0.92192192   0.00000000
  0.92392392   0.00000000
  0.92592593   0.00000000
  0.92792793   0.00000000
  0.92992993   0.00000000
  0.93193193   0.00000000
  0.93393393   0.00000000
  0.93593594   0.00000000
  0.93793794   0.00000000
  0.93993994   0.00000000
  0.94194194   0.00000000
  0.94394394   0.00000000
  0.94594595   0.00000000
  0.94794795   0.00000000
  0.94994995   0.00000000
  0.95195195   0.00000000
  0.95395395   0.00000000
  0.95595596   0.00000000
  0.95795796   0.00000000
  0.95995996   0.00000000
  0.96196196   0.00000000
  0.96396396   0.00000000
  0.96596597   0.00000000
  0.96796797   0.00000000
  0.96996997   0.00000000
  0.97197197   0.00000000
  0.97397397   0.00000000
  0.97597598   0.00000000
  0.97797798   0.00000000
  0.97997998   0.00000000
  0.98198198   0.00000000
  0.98398398   0.00000000
  0.98598599   0.00000000
  0.98798799   0.00000000
  0.98998999   0.00000000
  0.99199199   0.00000000
  0.99399399   0.00000000
  0.99599600   0.00000000
  0.99799800   0.00000000
  1.00000000   0.00000000
