  0.003943        0.024774        0.024774
  0.001057        0.006639        0.006639
  0.008943        0.056163        0.056163
  0.006057        0.038046        0.038046
  0.013943        0.087497        0.087497
  0.011057        0.069415        0.069415
  0.018943        0.118744        0.118744
  0.016057        0.100716        0.100716
  0.023943        0.149874        0.149874
  0.021057        0.131917        0.131917
  0.028943        0.180856        0.180856
  0.026057        0.162988        0.162988
  0.033943        0.211659        0.211659
  0.031057        0.193899        0.193899
  0.038943        0.242254        0.242254
  0.036057        0.224617        0.224617
  0.043943        0.272610        0.272610
  0.041057        0.255115        0.255115
  0.048943        0.302696        0.302696
  0.046057        0.285360        0.285360
  0.053943        0.332484        0.332484
  0.051057        0.315324        0.315324
  0.058943        0.361944        0.361944
  0.056057        0.344977        0.344977
  0.063943        0.391046        0.391046
  0.061057        0.374289        0.374289
  0.068943        0.419763        0.419763
  0.066057        0.403232        0.403232
  0.073943        0.448065        0.448065
  0.071057        0.431777        0.431777
  0.078943        0.475925        0.475925
  0.076057        0.459896        0.459896
  0.083943        0.503316        0.503316
  0.081057        0.487561        0.487561
  0.088943        0.530210        0.530210
  0.086057        0.514745        0.514745
  0.093943        0.556580        0.556580
  0.091057        0.541420        0.541420
  0.098943        0.582401        0.582401
  0.096057        0.567562        0.567562
  0.103943        0.607648        0.607648
  0.101057        0.593143        0.593143
  0.108943        0.632295        0.632295
  0.106057        0.618139        0.618139
  0.113943        0.656317        0.656317
  0.111057        0.642525        0.642525
  0.118943        0.679692        0.679692
  0.116057        0.666277        0.666277
  0.123943        0.702397        0.702397
  0.121057        0.689372        0.689372
  0.128943        0.724408        0.724408
  0.126057        0.711786        0.711786
  0.133943        0.745704        0.745704
  0.131057        0.733497        0.733497
  0.138943        0.766264        0.766264
  0.136057        0.754485        0.754485
  0.143943        0.786069        0.786069
  0.141057        0.774728        0.774728
  0.148943        0.805097        0.805097
  0.146057        0.794207        0.794207
  0.153943        0.823331        0.823331
  0.151057        0.812901        0.812901
  0.158943        0.840752        0.840752
  0.156057        0.830794        0.830794
  0.163943        0.857344        0.857344
  0.161057        0.847867        0.847867
  0.168943        0.873089        0.873089
  0.166057        0.864103        0.864103
  0.173943        0.887973        0.887973
  0.171057        0.879486        0.879486
  0.178943        0.901980        0.901980
  0.176057        0.894001        0.894001
  0.183943        0.915098        0.915098
  0.181057        0.907634        0.907634
  0.188943        0.927312        0.927312
  0.186057        0.920371        0.920371
  0.193943        0.938611        0.938611
  0.191057        0.932200        0.932200
  0.198943        0.948984        0.948984
  0.196057        0.943109        0.943109
  0.203943        0.958420        0.958420
  0.201057        0.953087        0.953087
  0.208943        0.966911        0.966911
  0.206057        0.962125        0.962125
  0.213943        0.974447        0.974447
  0.211057        0.970213        0.970213
  0.218943        0.981022        0.981022
  0.216057        0.977343        0.977343
  0.223943        0.986628        0.986628
  0.221057        0.983510        0.983510
  0.228943        0.991261        0.991261
  0.226057        0.988705        0.988705
  0.233943        0.994915        0.994915
  0.231057        0.992925        0.992925
  0.238943        0.997588        0.997588
  0.236057        0.996165        0.996165
  0.243943        0.999276        0.999276
  0.241057        0.998422        0.998422
  0.248943        0.999978        0.999978
  0.246057        0.999693        0.999693
  0.253943        0.999693        0.999693
  0.251057        0.999978        0.999978
  0.258943        0.998422        0.998422
  0.256057        0.999276        0.999276
  0.263943        0.996165        0.996165
  0.261057        0.997588        0.997588
  0.268943        0.992925        0.992925
  0.266057        0.994915        0.994915
  0.273943        0.988705        0.988705
  0.271057        0.991261        0.991261
  0.278943        0.983510        0.983510
  0.276057        0.986628        0.986628
  0.283943        0.977343        0.977343
  0.281057        0.981022        0.981022
  0.288943        0.970213        0.970213
  0.286057        0.974447        0.974447
  0.293943        0.962125        0.962125
  0.291057        0.966911        0.966911
  0.298943        0.953087        0.953087
  0.296057        0.958420        0.958420
  0.303943        0.943109        0.943109
  0.301057        0.948984        0.948984
  0.308943        0.932200        0.932200
  0.306057        0.938611        0.938611
  0.313943        0.920371        0.920371
  0.311057        0.927312        0.927312
  0.318943        0.907634        0.907634
  0.316057        0.915098        0.915098
  0.323943        0.894001        0.894001
  0.321057        0.901980        0.901980
  0.328943        0.879486        0.879486
  0.326057        0.887973        0.887973
  0.333943        0.864103        0.864103
  0.331057        0.873089        0.873089
  0.338943        0.847867        0.847867
  0.336057        0.857344        0.857344
  0.343943        0.830794        0.830794
  0.341057        0.840752        0.840752
  0.348943        0.812901        0.812901
  0.346057        0.823331        0.823331
  0.353943        0.794207        0.794207
  0.351057        0.805097        0.805097
  0.358943        0.774728        0.774728
  0.356057        0.786069        0.786069
  0.363943        0.754485        0.754485
  0.361057        0.766264        0.766264
  0.368943        0.733497        0.733497
  0.366057        0.745704        0.745704
  0.373943        0.711786        0.711786
  0.371057        0.724408        0.724408
  0.378943        0.689372        0.689372
  0.376057        0.702397        0.702397
  0.383943        0.666277        0.666277
  0.381057        0.679692        0.679692
  0.388943        0.642525        0.642525
  0.386057        0.656317        0.656317
  0.393943        0.618139        0.618139
  0.391057        0.632295        0.632295
  0.398943        0.593143        0.593143
  0.396057        0.607648        0.607648
  0.403943        0.567562        0.567562
  0.401057        0.582401        0.582401
  0.408943        0.541420        0.541420
  0.406057        0.556580        0.556580
  0.413943        0.514745        0.514745
  0.411057        0.530210        0.530210
  0.418943        0.487561        0.487561
  0.416057        0.503316        0.503316
  0.423943        0.459896        0.459896
  0.421057        0.475925        0.475925
  0.428943        0.431777        0.431777
  0.426057        0.448065        0.448065
  0.433943        0.403232        0.403232
  0.431057        0.419763        0.419763
  0.438943        0.374289        0.374289
  0.436057        0.391046        0.391046
  0.443943        0.344977        0.344977
  0.441057        0.361944        0.361944
  0.448943        0.315324        0.315324
  0.446057        0.332484        0.332484
  0.453943        0.285360        0.285360
  0.451057        0.302696        0.302696
  0.458943        0.255115        0.255115
  0.456057        0.272610        0.272610
  0.463943        0.224617        0.224617
  0.461057        0.242254        0.242254
  0.468943        0.193899        0.193899
  0.466057        0.211659        0.211659
  0.473943        0.162988        0.162988
  0.471057        0.180856        0.180856
  0.478943        0.131917        0.131917
  0.476057        0.149874        0.149874
  0.483943        0.100716        0.100716
  0.481057        0.118744        0.118744
  0.488943        0.069415        0.069415
  0.486057        0.087497        0.087497
  0.493943        0.038046        0.038046
  0.491057        0.056163        0.056163
  0.498943        0.006639        0.006639
  0.496057        0.024774        0.024774
  0.503943       -0.024774       -0.024774
  0.501057       -0.006639       -0.006639
  0.508943       -0.056163       -0.056163
  0.506057       -0.038046       -0.038046
  0.513943       -0.087497       -0.087497
  0.511057       -0.069415       -0.069415
  0.518943       -0.118744       -0.118744
  0.516057       -0.100716       -0.100716
  0.523943       -0.149874       -0.149874
  0.521057       -0.131917       -0.131917
  0.528943       -0.180856       -0.180856
  0.526057       -0.162988       -0.162988
  0.533943       -0.211659       -0.211659
  0.531057       -0.193899       -0.193899
  0.538943       -0.242254       -0.242254
  0.536057       -0.224617       -0.224617
  0.543943       -0.272610       -0.272610
  0.541057       -0.255115       -0.255115
  0.548943       -0.302696       -0.302696
  0.546057       -0.285360       -0.285360
  0.553943       -0.332484       -0.332484
  0.551057       -0.315324       -0.315324
  0.558943       -0.361944       -0.361944
  0.556057       -0.344977       -0.344977
  0.563943       -0.391046       -0.391046
  0.561057       -0.374289       -0.374289
  0.568943       -0.419763       -0.419763
  0.566057       -0.403232       -0.403232
  0.573943       -0.448065       -0.448065
  0.571057       -0.431777       -0.431777
  0.578943       -0.475925       -0.475925
  0.576057       -0.459896       -0.459896
  0.583943       -0.503316       -0.503316
  0.581057       -0.487561       -0.487561
  0.588943       -0.530210       -0.530210
  0.586057       -0.514745       -0.514745
  0.593943       -0.556580       -0.556580
  0.591057       -0.541420       -0.541420
  0.598943       -0.582401       -0.582401
  0.596057       -0.567562       -0.567562
  0.603943       -0.607648       -0.607648
  0.601057       -0.593143       -0.593143
  0.608943       -0.632295       -0.632295
  0.606057       -0.618139       -0.618139
  0.613943       -0.656317       -0.656317
  0.611057       -0.642525       -0.642525
  0.618943       -0.679692       -0.679692
  0.616057       -0.666277       -0.666277
  0.623943       -0.702397       -0.702397
  0.621057       -0.689372       -0.689372
  0.628943       -0.724408       -0.724408
  0.626057       -0.711786       -0.711786
  0.633943       -0.745704       -0.745704
  0.631057       -0.733497       -0.733497
  0.638943       -0.766264       -0.766264
  0.636057       -0.754485       -0.754485
  0.643943       -0.786069       -0.786069
  0.641057       -0.774728       -0.774728
  0.648943       -0.805097       -0.805097
  0.646057       -0.794207       -0.794207
  0.653943       -0.823331       -0.823331
  0.651057       -0.812901       -0.812901
  0.658943       -0.840752       -0.840752
  0.656057       -0.830794       -0.830794
  0.663943       -0.857344       -0.857344
  0.661057       -0.847867       -0.847867
  0.668943       -0.873089       -0.873089
  0.666057       -0.864103       -0.864103
  0.673943       -0.887973       -0.887973
  0.671057       -0.879486       -0.879486
  0.678943       -0.901980       -0.901980
  0.676057       -0.894001       -0.894001
  0.683943       -0.915098       -0.915098
  0.681057       -0.907634       -0.907634
  0.688943       -0.927312       -0.927312
  0.686057       -0.920371       -0.920371
  0.693943       -0.938611       -0.938611
  0.691057       -0.932200       -0.932200
  0.698943       -0.948984       -0.948984
  0.696057       -0.943109       -0.943109
  0.703943       -0.958420       -0.958420
  0.701057       -0.953087       -0.953087
  0.708943       -0.966911       -0.966911
  0.706057       -0.962125       -0.962125
  0.713943       -0.974447       -0.974447
  0.711057       -0.970213       -0.970213
  0.718943       -0.981022       -0.981022
  0.716057       -0.977343       -0.977343
  0.723943       -0.986628       -0.986628
  0.721057       -0.983510       -0.983510
  0.728943       -0.991261       -0.991261
  0.726057       -0.988705       -0.988705
  0.733943       -0.994915       -0.994915
  0.731057       -0.992925       -0.992925
  0.738943       -0.997588       -0.997588
  0.736057       -0.996165       -0.996165
  0.743943       -0.999276       -0.999276
  0.741057       -0.998422       -0.998422
  0.748943       -0.999978       -0.999978
  0.746057       -0.999693       -0.999693
  0.753943       -0.999693       -0.999693
  0.751057       -0.999978       -0.999978
  0.758943       -0.998422       -0.998422
  0.756057       -0.999276       -0.999276
  0.763943       -0.996165       -0.996165
  0.761057       -0.997588       -0.997588
  0.768943       -0.992925       -0.992925
  0.766057       -0.994915       -0.994915
  0.773943       -0.988705       -0.988705
  0.771057       -0.991261       -0.991261
  0.778943       -0.983510       -0.983510
  0.776057       -0.986628       -0.986628
  0.783943       -0.977343       -0.977343
  0.781057       -0.981022       -0.981022
  0.788943       -0.970213       -0.970213
  0.786057       -0.974447       -0.974447
  0.793943       -0.962125       -0.962125
  0.791057       -0.966911       -0.966911
  0.798943       -0.953087       -0.953087
  0.796057       -0.958420       -0.958420
  0.803943       -0.943109       -0.943109
  0.801057       -0.948984       -0.948984
  0.808943       -0.932200       -0.932200
  0.806057       -0.938611       -0.938611
  0.813943       -0.920371       -0.920371
  0.811057       -0.927312       -0.927312
  0.818943       -0.907634       -0.907634
  0.816057       -0.915098       -0.915098
  0.823943       -0.894001       -0.894001
  0.821057       -0.901980       -0.901980
  0.828943       -0.879486       -0.879486
  0.826057       -0.887973       -0.887973
  0.833943       -0.864103       -0.864103
  0.831057       -0.873089       -0.873089
  0.838943       -0.847867       -0.847867
  0.836057       -0.857344       -0.857344
  0.843943       -0.830794       -0.830794
  0.841057       -0.840752       -0.840752
  0.848943       -0.812901       -0.812901
  0.846057       -0.823331       -0.823331
  0.853943       -0.794207       -0.794207
  0.851057       -0.805097       -0.805097
  0.858943       -0.774728       -0.774728
  0.856057       -0.786069       -0.786069
  0.863943       -0.754485       -0.754485
  0.861057       -0.766264       -0.766264
  0.868943       -0.733497       -0.733497
  0.866057       -0.745704       -0.745704
  0.873943       -0.711786       -0.711786
  0.871057       -0.724408       -0.724408
  0.878943       -0.689372       -0.689372
  0.876057       -0.702397       -0.702397
  0.883943       -0.666277       -0.666277
  0.881057       -0.679692       -0.679692
  0.888943       -0.642525       -0.642525
  0.886057       -0.656317       -0.656317
  0.893943       -0.618139       -0.618139
  0.891057       -0.632295       -0.632295
  0.898943       -0.593143       -0.593143
  0.896057       -0.607648       -0.607648
  0.903943       -0.567562       -0.567562
  0.901057       -0.582401       -0.582401
  0.908943       -0.541420       -0.541420
  0.906057       -0.556580       -0.556580
  0.913943       -0.514745       -0.514745
  0.911057       -0.530210       -0.530210
  0.918943       -0.487561       -0.487561
  0.916057       -0.503316       -0.503316
  0.923943       -0.459896       -0.459896
  0.921057       -0.475925       -0.475925
  0.928943       -0.431777       -0.431777
  0.926057       -0.448065       -0.448065
  0.933943       -0.403232       -0.403232
  0.931057       -0.419763       -0.419763
  0.938943       -0.374289       -0.374289
  0.936057       -0.391046       -0.391046
  0.943943       -0.344977       -0.344977
  0.941057       -0.361944       -0.361944
  0.948943       -0.315324       -0.315324
  0.946057       -0.332484       -0.332484
  0.953943       -0.285360       -0.285360
  0.951057       -0.302696       -0.302696
  0.958943       -0.255115       -0.255115
  0.956057       -0.272610       -0.272610
  0.963943       -0.224617       -0.224617
  0.961057       -0.242254       -0.242254
  0.968943       -0.193899       -0.193899
  0.966057       -0.211659       -0.211659
  0.973943       -0.162988       -0.162988
  0.971057       -0.180856       -0.180856
  0.978943       -0.131917       -0.131917
  0.976057       -0.149874       -0.149874
  0.983943       -0.100716       -0.100716
  0.981057       -0.118744       -0.118744
  0.988943       -0.069415       -0.069415
  0.986057       -0.087497       -0.087497
  0.993943       -0.038046       -0.038046
  0.991057       -0.056163       -0.056163
  0.998943       -0.006639       -0.006639
  0.996057       -0.024774       -0.024774
------------------------
  0.003943       -0.018445       -0.018493
  0.001057       -0.000310       -0.000356
  0.008943       -0.049840       -0.049889
  0.006057       -0.031722       -0.031766
  0.013943       -0.081185       -0.081236
  0.011057       -0.063103       -0.063146
  0.018943       -0.112451       -0.112503
  0.016057       -0.094421       -0.094463
  0.023943       -0.143605       -0.143659
  0.021057       -0.125646       -0.125686
  0.028943       -0.174618       -0.174673
  0.026057       -0.156748       -0.156786
  0.033943       -0.205458       -0.205514
  0.031057       -0.187694       -0.187731
  0.038943       -0.236096       -0.236153
  0.036057       -0.218456       -0.218490
  0.043943       -0.266501       -0.266559
  0.041057       -0.249001       -0.249034
  0.048943       -0.296642       -0.296702
  0.046057       -0.279301       -0.279333
  0.053943       -0.326491       -0.326552
  0.051057       -0.309326       -0.309355
  0.058943       -0.356018       -0.356079
  0.056057       -0.339045       -0.339073
  0.063943       -0.385194       -0.385256
  0.061057       -0.368430       -0.368455
  0.068943       -0.413989       -0.414052
  0.066057       -0.397451       -0.397474
  0.073943       -0.442375       -0.442439
  0.071057       -0.426079       -0.426101
  0.078943       -0.470326       -0.470390
  0.076057       -0.454287       -0.454307
  0.083943       -0.497812       -0.497877
  0.081057       -0.482047       -0.482065
  0.088943       -0.524806       -0.524872
  0.086057       -0.509332       -0.509348
  0.093943       -0.551283       -0.551349
  0.091057       -0.536113       -0.536127
  0.098943       -0.577216       -0.577282
  0.096057       -0.562366       -0.562378
  0.103943       -0.602579       -0.602646
  0.101057       -0.588063       -0.588073
  0.108943       -0.627347       -0.627414
  0.106057       -0.613180       -0.613188
  0.113943       -0.651497       -0.651564
  0.111057       -0.637692       -0.637698
  0.118943       -0.675003       -0.675070
  0.116057       -0.661575       -0.661579
  0.123943       -0.697843       -0.697911
  0.121057       -0.684805       -0.684806
  0.128943       -0.719995       -0.720062
  0.126057       -0.707359       -0.707358
  0.133943       -0.741436       -0.741503
  0.131057       -0.729214       -0.729212
  0.138943       -0.762145       -0.762212
  0.136057       -0.750351       -0.750346
  0.143943       -0.782102       -0.782169
  0.141057       -0.770746       -0.770740
  0.148943       -0.801287       -0.801354
  0.146057       -0.790381       -0.790373
  0.153943       -0.819682       -0.819748
  0.151057       -0.809237       -0.809226
  0.158943       -0.837267       -0.837334
  0.156057       -0.827293       -0.827281
  0.163943       -0.854027       -0.854092
  0.161057       -0.844533       -0.844519
  0.168943       -0.869943       -0.870008
  0.166057       -0.860940       -0.860923
  0.173943       -0.885001       -0.885066
  0.171057       -0.876497       -0.876478
  0.178943       -0.899185       -0.899250
  0.176057       -0.891188       -0.891168
  0.183943       -0.912483       -0.912546
  0.181057       -0.905001       -0.904978
  0.188943       -0.924879       -0.924942
  0.186057       -0.917920       -0.917896
  0.193943       -0.936363       -0.936425
  0.191057       -0.929934       -0.929907
  0.198943       -0.946923       -0.946984
  0.196057       -0.941029       -0.941001
  0.203943       -0.956548       -0.956608
  0.201057       -0.951196       -0.951166
  0.208943       -0.965230       -0.965289
  0.206057       -0.960425       -0.960393
  0.213943       -0.972958       -0.973016
  0.211057       -0.968705       -0.968672
  0.218943       -0.979727       -0.979784
  0.216057       -0.976030       -0.975994
  0.223943       -0.985529       -0.985584
  0.221057       -0.982391       -0.982354
  0.228943       -0.990358       -0.990412
  0.226057       -0.987783       -0.987744
  0.233943       -0.994210       -0.994263
  0.231057       -0.992200       -0.992159
  0.238943       -0.997080       -0.997132
  0.236057       -0.995637       -0.995595
  0.243943       -0.998967       -0.999017
  0.241057       -0.998092       -0.998049
  0.248943       -0.999867       -0.999917
  0.246057       -0.999563       -0.999518
  0.253943       -0.999781       -0.999829
  0.251057       -1.000046       -1.000000
  0.258943       -0.998709       -0.998755
  0.256057       -0.999543       -0.999495
  0.263943       -0.996650       -0.996695
  0.261057       -0.998054       -0.998004
  0.268943       -0.993609       -0.993651
  0.266057       -0.995579       -0.995528
  0.273943       -0.989586       -0.989627
  0.271057       -0.992122       -0.992070
  0.278943       -0.984587       -0.984627
  0.276057       -0.987686       -0.987633
  0.283943       -0.978616       -0.978654
  0.281057       -0.982275       -0.982221
  0.288943       -0.971680       -0.971716
  0.286057       -0.975894       -0.975839
  0.293943       -0.963784       -0.963819
  0.291057       -0.968551       -0.968495
  0.298943       -0.954938       -0.954970
  0.296057       -0.960252       -0.960194
  0.303943       -0.945149       -0.945179
  0.301057       -0.951005       -0.950947
  0.308943       -0.934427       -0.934456
  0.306057       -0.940820       -0.940760
  0.313943       -0.922783       -0.922810
  0.311057       -0.929706       -0.929645
  0.318943       -0.910229       -0.910253
  0.316057       -0.917674       -0.917613
  0.323943       -0.896776       -0.896799
  0.321057       -0.904737       -0.904676
  0.328943       -0.882438       -0.882459
  0.326057       -0.890907       -0.890845
  0.333943       -0.867229       -0.867248
  0.331057       -0.876198       -0.876135
  0.338943       -0.851165       -0.851181
  0.336057       -0.860624       -0.860561
  0.343943       -0.834260       -0.834275
  0.341057       -0.844201       -0.844137
  0.348943       -0.816532       -0.816545
  0.346057       -0.826945       -0.826881
  0.353943       -0.797999       -0.798009
  0.351057       -0.808873       -0.808808
  0.358943       -0.778677       -0.778686
  0.356057       -0.790002       -0.789937
  0.363943       -0.758588       -0.758594
  0.361057       -0.770352       -0.770286
  0.368943       -0.737749       -0.737753
  0.366057       -0.749941       -0.749876
  0.373943       -0.716183       -0.716185
  0.371057       -0.728790       -0.728725
  0.378943       -0.693910       -0.693910
  0.376057       -0.706921       -0.706855
  0.383943       -0.670952       -0.670949
  0.381057       -0.684353       -0.684288
  0.388943       -0.647332       -0.647327
  0.386057       -0.661110       -0.661045
  0.393943       -0.623073       -0.623066
  0.391057       -0.637215       -0.637150
  0.398943       -0.598199       -0.598190
  0.396057       -0.612691       -0.612626
  0.403943       -0.572735       -0.572724
  0.401057       -0.587562       -0.587497
  0.408943       -0.546705       -0.546692
  0.406057       -0.561853       -0.561789
  0.413943       -0.520136       -0.520121
  0.411057       -0.535590       -0.535526
  0.418943       -0.493054       -0.493037
  0.416057       -0.508798       -0.508735
  0.423943       -0.465485       -0.465466
  0.421057       -0.481505       -0.481442
  0.428943       -0.437457       -0.437436
  0.426057       -0.453736       -0.453673
  0.433943       -0.408997       -0.408974
  0.431057       -0.425519       -0.425457
  0.438943       -0.380133       -0.380108
  0.436057       -0.396882       -0.396821
  0.443943       -0.350895       -0.350868
  0.441057       -0.367854       -0.367794
  0.448943       -0.321310       -0.321281
  0.446057       -0.338462       -0.338403
  0.453943       -0.291407       -0.291377
  0.451057       -0.308737       -0.308679
  0.458943       -0.261218       -0.261185
  0.456057       -0.278707       -0.278649
  0.463943       -0.230770       -0.230736
  0.461057       -0.248401       -0.248345
  0.468943       -0.200095       -0.200059
  0.466057       -0.217851       -0.217796
  0.473943       -0.169222       -0.169184
  0.471057       -0.187086       -0.187032
  0.478943       -0.138183       -0.138143
  0.476057       -0.156136       -0.156083
  0.483943       -0.107007       -0.106965
  0.481057       -0.125032       -0.124980
  0.488943       -0.075725       -0.075682
  0.486057       -0.093804       -0.093754
  0.493943       -0.044368       -0.044324
  0.491057       -0.062484       -0.062435
  0.498943       -0.012968       -0.012922
  0.496057       -0.031103       -0.031055
  0.503943        0.018445        0.018493
  0.501057        0.000310        0.000356
  0.508943        0.049840        0.049889
  0.506057        0.031722        0.031766
  0.513943        0.081185        0.081236
  0.511057        0.063103        0.063146
  0.518943        0.112451        0.112503
  0.516057        0.094421        0.094463
  0.523943        0.143605        0.143659
  0.521057        0.125646        0.125686
  0.528943        0.174618        0.174673
  0.526057        0.156748        0.156786
  0.533943        0.205458        0.205514
  0.531057        0.187694        0.187731
  0.538943        0.236096        0.236153
  0.536057        0.218456        0.218490
  0.543943        0.266501        0.266559
  0.541057        0.249001        0.249034
  0.548943        0.296642        0.296702
  0.546057        0.279301        0.279333
  0.553943        0.326491        0.326552
  0.551057        0.309326        0.309355
  0.558943        0.356018        0.356079
  0.556057        0.339045        0.339073
  0.563943        0.385194        0.385256
  0.561057        0.368430        0.368455
  0.568943        0.413989        0.414052
  0.566057        0.397451        0.397474
  0.573943        0.442375        0.442439
  0.571057        0.426079        0.426101
  0.578943        0.470326        0.470390
  0.576057        0.454287        0.454307
  0.583943        0.497812        0.497877
  0.581057        0.482047        0.482065
  0.588943        0.524806        0.524872
  0.586057        0.509332        0.509348
  0.593943        0.551283        0.551349
  0.591057        0.536113        0.536127
  0.598943        0.577216        0.577282
  0.596057        0.562366        0.562378
  0.603943        0.602579        0.602646
  0.601057        0.588063        0.588073
  0.608943        0.627347        0.627414
  0.606057        0.613180        0.613188
  0.613943        0.651497        0.651564
  0.611057        0.637692        0.637698
  0.618943        0.675003        0.675070
  0.616057        0.661575        0.661579
  0.623943        0.697843        0.697911
  0.621057        0.684805        0.684806
  0.628943        0.719995        0.720062
  0.626057        0.707359        0.707358
  0.633943        0.741436        0.741503
  0.631057        0.729214        0.729212
  0.638943        0.762145        0.762212
  0.636057        0.750351        0.750346
  0.643943        0.782102        0.782169
  0.641057        0.770746        0.770740
  0.648943        0.801287        0.801354
  0.646057        0.790381        0.790373
  0.653943        0.819682        0.819748
  0.651057        0.809237        0.809226
  0.658943        0.837267        0.837334
  0.656057        0.827293        0.827281
  0.663943        0.854027        0.854092
  0.661057        0.844533        0.844519
  0.668943        0.869943        0.870008
  0.666057        0.860940        0.860923
  0.673943        0.885001        0.885066
  0.671057        0.876497        0.876478
  0.678943        0.899185        0.899250
  0.676057        0.891188        0.891168
  0.683943        0.912483        0.912546
  0.681057        0.905001        0.904978
  0.688943        0.924879        0.924942
  0.686057        0.917920        0.917896
  0.693943        0.936363        0.936425
  0.691057        0.929934        0.929907
  0.698943        0.946923        0.946984
  0.696057        0.941029        0.941001
  0.703943        0.956548        0.956608
  0.701057        0.951196        0.951166
  0.708943        0.965230        0.965289
  0.706057        0.960425        0.960393
  0.713943        0.972958        0.973016
  0.711057        0.968705        0.968672
  0.718943        0.979727        0.979784
  0.716057        0.976030        0.975994
  0.723943        0.985529        0.985584
  0.721057        0.982391        0.982354
  0.728943        0.990358        0.990412
  0.726057        0.987783        0.987744
  0.733943        0.994210        0.994263
  0.731057        0.992200        0.992159
  0.738943        0.997080        0.997132
  0.736057        0.995637        0.995595
  0.743943        0.998967        0.999017
  0.741057        0.998092        0.998049
  0.748943        0.999867        0.999917
  0.746057        0.999563        0.999518
  0.753943        0.999781        0.999829
  0.751057        1.000046        1.000000
  0.758943        0.998709        0.998755
  0.756057        0.999543        0.999495
  0.763943        0.996650        0.996695
  0.761057        0.998054        0.998004
  0.768943        0.993609        0.993651
  0.766057        0.995579        0.995528
  0.773943        0.989586        0.989627
  0.771057        0.992122        0.992070
  0.778943        0.984587        0.984627
  0.776057        0.987686        0.987633
  0.783943        0.978616        0.978654
  0.781057        0.982275        0.982221
  0.788943        0.971680        0.971716
  0.786057        0.975894        0.975839
  0.793943        0.963784        0.963819
  0.791057        0.968551        0.968495
  0.798943        0.954938        0.954970
  0.796057        0.960252        0.960194
  0.803943        0.945149        0.945179
  0.801057        0.951005        0.950947
  0.808943        0.934427        0.934456
  0.806057        0.940820        0.940760
  0.813943        0.922783        0.922810
  0.811057        0.929706        0.929645
  0.818943        0.910229        0.910253
  0.816057        0.917674        0.917613
  0.823943        0.896776        0.896799
  0.821057        0.904737        0.904676
  0.828943        0.882438        0.882459
  0.826057        0.890907        0.890845
  0.833943        0.867229        0.867248
  0.831057        0.876198        0.876135
  0.838943        0.851165        0.851181
  0.836057        0.860624        0.860561
  0.843943        0.834260        0.834275
  0.841057        0.844201        0.844137
  0.848943        0.816532        0.816545
  0.846057        0.826945        0.826881
  0.853943        0.797999        0.798009
  0.851057        0.808873        0.808808
  0.858943        0.778677        0.778686
  0.856057        0.790002        0.789937
  0.863943        0.758588        0.758594
  0.861057        0.770352        0.770286
  0.868943        0.737749        0.737753
  0.866057        0.749941        0.749876
  0.873943        0.716183        0.716185
  0.871057        0.728790        0.728725
  0.878943        0.693910        0.693910
  0.876057        0.706921        0.706855
  0.883943        0.670952        0.670949
  0.881057        0.684353        0.684288
  0.888943        0.647332        0.647327
  0.886057        0.661110        0.661045
  0.893943        0.623073        0.623066
  0.891057        0.637215        0.637150
  0.898943        0.598199        0.598190
  0.896057        0.612691        0.612626
  0.903943        0.572735        0.572724
  0.901057        0.587562        0.587497
  0.908943        0.546705        0.546692
  0.906057        0.561853        0.561789
  0.913943        0.520136        0.520121
  0.911057        0.535590        0.535526
  0.918943        0.493054        0.493037
  0.916057        0.508798        0.508735
  0.923943        0.465485        0.465466
  0.921057        0.481505        0.481442
  0.928943        0.437457        0.437436
  0.926057        0.453736        0.453673
  0.933943        0.408997        0.408974
  0.931057        0.425519        0.425457
  0.938943        0.380133        0.380108
  0.936057        0.396882        0.396821
  0.943943        0.350895        0.350868
  0.941057        0.367854        0.367794
  0.948943        0.321310        0.321281
  0.946057        0.338462        0.338403
  0.953943        0.291407        0.291377
  0.951057        0.308737        0.308679
  0.958943        0.261218        0.261185
  0.956057        0.278707        0.278649
  0.963943        0.230770        0.230736
  0.961057        0.248401        0.248345
  0.968943        0.200095        0.200059
  0.966057        0.217851        0.217796
  0.973943        0.169222        0.169184
  0.971057        0.187086        0.187032
  0.978943        0.138183        0.138143
  0.976057        0.156136        0.156083
  0.983943        0.107007        0.106965
  0.981057        0.125032        0.124980
  0.988943        0.075725        0.075682
  0.986057        0.093804        0.093754
  0.993943        0.044368        0.044324
  0.991057        0.062484        0.062435
  0.998943        0.012968        0.012922
  0.996057        0.031103        0.031055
------------------------
  0.003943        0.024680        0.024774
  0.001057        0.006547        0.006639
  0.008943        0.056067        0.056163
  0.006057        0.037955        0.038046
  0.013943        0.087399        0.087497
  0.011057        0.069326        0.069415
  0.018943        0.118645        0.118744
  0.016057        0.100628        0.100716
  0.023943        0.149774        0.149874
  0.021057        0.131831        0.131917
  0.028943        0.180755        0.180856
  0.026057        0.162904        0.162988
  0.033943        0.211558        0.211659
  0.031057        0.193817        0.193899
  0.038943        0.242151        0.242254
  0.036057        0.224538        0.224617
  0.043943        0.272506        0.272610
  0.041057        0.255037        0.255115
  0.048943        0.302592        0.302696
  0.046057        0.285285        0.285360
  0.053943        0.332379        0.332484
  0.051057        0.315251        0.315324
  0.058943        0.361839        0.361944
  0.056057        0.344906        0.344977
  0.063943        0.390941        0.391046
  0.061057        0.374220        0.374289
  0.068943        0.419657        0.419763
  0.066057        0.403166        0.403232
  0.073943        0.447959        0.448065
  0.071057        0.431713        0.431777
  0.078943        0.475820        0.475925
  0.076057        0.459835        0.459896
  0.083943        0.503210        0.503316
  0.081057        0.487502        0.487561
  0.088943        0.530104        0.530210
  0.086057        0.514689        0.514745
  0.093943        0.556475        0.556580
  0.091057        0.541367        0.541420
  0.098943        0.582296        0.582401
  0.096057        0.567512        0.567562
  0.103943        0.607543        0.607648
  0.101057        0.593096        0.593143
  0.108943        0.632191        0.632295
  0.106057        0.618095        0.618139
  0.113943        0.656214        0.656317
  0.111057        0.642484        0.642525
  0.118943        0.679590        0.679692
  0.116057        0.666239        0.666277
  0.123943        0.702295        0.702397
  0.121057        0.689336        0.689372
  0.128943        0.724308        0.724408
  0.126057        0.711753        0.711786
  0.133943        0.745605        0.745704
  0.131057        0.733468        0.733497
  0.138943        0.766166        0.766264
  0.136057        0.754459        0.754485
  0.143943        0.785972        0.786069
  0.141057        0.774705        0.774728
  0.148943        0.805002        0.805097
  0.146057        0.794187        0.794207
  0.153943        0.823237        0.823331
  0.151057        0.812884        0.812901
  0.158943        0.840660        0.840752
  0.156057        0.830780        0.830794
  0.163943        0.857253        0.857344
  0.161057        0.847856        0.847867
  0.168943        0.873000        0.873089
  0.166057        0.864095        0.864103
  0.173943        0.887886        0.887973
  0.171057        0.879482        0.879486
  0.178943        0.901895        0.901980
  0.176057        0.894000        0.894001
  0.183943        0.915015        0.915098
  0.181057        0.907636        0.907634
  0.188943        0.927231        0.927312
  0.186057        0.920377        0.920371
  0.193943        0.938532        0.938611
  0.191057        0.932209        0.932200
  0.198943        0.948908        0.948984
  0.196057        0.943121        0.943109
  0.203943        0.958346        0.958420
  0.201057        0.953102        0.953087
  0.208943        0.966839        0.966911
  0.206057        0.962143        0.962125
  0.213943        0.974378        0.974447
  0.211057        0.970235        0.970213
  0.218943        0.980955        0.981022
  0.216057        0.977368        0.977343
  0.223943        0.986564        0.986628
  0.221057        0.983538        0.983510
  0.228943        0.991199        0.991261
  0.226057        0.988736        0.988705
  0.233943        0.994857        0.994915
  0.231057        0.992959        0.992925
  0.238943        0.997532        0.997588
  0.236057        0.996202        0.996165
  0.243943        0.999223        0.999276
  0.241057        0.998462        0.998422
  0.248943        0.999928        0.999978
  0.246057        0.999736        0.999693
  0.253943        0.999646        0.999693
  0.251057        1.000024        0.999978
  0.258943        0.998377        0.998422
  0.256057        0.999325        0.999276
  0.263943        0.996124        0.996165
  0.261057        0.997640        0.997588
  0.268943        0.992887        0.992925
  0.266057        0.994970        0.994915
  0.273943        0.988670        0.988705
  0.271057        0.991318        0.991261
  0.278943        0.983478        0.983510
  0.276057        0.986688        0.986628
  0.283943        0.977315        0.977343
  0.281057        0.981084        0.981022
  0.288943        0.970187        0.970213
  0.286057        0.974512        0.974447
  0.293943        0.962103        0.962125
  0.291057        0.966978        0.966911
  0.298943        0.953068        0.953087
  0.296057        0.958490        0.958420
  0.303943        0.943093        0.943109
  0.301057        0.949056        0.948984
  0.308943        0.932188        0.932200
  0.306057        0.938686        0.938611
  0.313943        0.920362        0.920371
  0.311057        0.927389        0.927312
  0.318943        0.907628        0.907634
  0.316057        0.915177        0.915098
  0.323943        0.893999        0.894001
  0.321057        0.902061        0.901980
  0.328943        0.879487        0.879486
  0.326057        0.888056        0.887973
  0.333943        0.864107        0.864103
  0.331057        0.873174        0.873089
  0.338943        0.847874        0.847867
  0.336057        0.857430        0.857344
  0.343943        0.830805        0.830794
  0.341057        0.840840        0.840752
  0.348943        0.812916        0.812901
  0.346057        0.823421        0.823331
  0.353943        0.794224        0.794207
  0.351057        0.805188        0.805097
  0.358943        0.774749        0.774728
  0.356057        0.786161        0.786069
  0.363943        0.754509        0.754485
  0.361057        0.766359        0.766264
  0.368943        0.733524        0.733497
  0.366057        0.745800        0.745704
  0.373943        0.711816        0.711786
  0.371057        0.724505        0.724408
  0.378943        0.689405        0.689372
  0.376057        0.702495        0.702397
  0.383943        0.666314        0.666277
  0.381057        0.679791        0.679692
  0.388943        0.642565        0.642525
  0.386057        0.656417        0.656317
  0.393943        0.618182        0.618139
  0.391057        0.632395        0.632295
  0.398943        0.593189        0.593143
  0.396057        0.607749        0.607648
  0.403943        0.567611        0.567562
  0.401057        0.582503        0.582401
  0.408943        0.541472        0.541420
  0.406057        0.556682        0.556580
  0.413943        0.514799        0.514745
  0.411057        0.530312        0.530210
  0.418943        0.487618        0.487561
  0.416057        0.503419        0.503316
  0.423943        0.459956        0.459896
  0.421057        0.476028        0.475925
  0.428943        0.431840        0.431777
  0.426057        0.448168        0.448065
  0.433943        0.403298        0.403232
  0.431057        0.419866        0.419763
  0.438943        0.374357        0.374289
  0.436057        0.391149        0.391046
  0.443943        0.345048        0.344977
  0.441057        0.362046        0.361944
  0.448943        0.315397        0.315324
  0.446057        0.332586        0.332484
  0.453943        0.285436        0.285360
  0.451057        0.302798        0.302696
  0.458943        0.255193        0.255115
  0.456057        0.272711        0.272610
  0.463943        0.224697        0.224617
  0.461057        0.242355        0.242254
  0.468943        0.193981        0.193899
  0.466057        0.211759        0.211659
  0.473943        0.163072        0.162988
  0.471057        0.180955        0.180856
  0.478943        0.132003        0.131917
  0.476057        0.149972        0.149874
  0.483943        0.100804        0.100716
  0.481057        0.118841        0.118744
  0.488943        0.069505        0.069415
  0.486057        0.087593        0.087497
  0.493943        0.038137        0.038046
  0.491057        0.056258        0.056163
  0.498943        0.006732        0.006639
  0.496057        0.024868        0.024774
  0.503943       -0.024680       -0.024774
  0.501057       -0.006547       -0.006639
  0.508943       -0.056067       -0.056163
  0.506057       -0.037955       -0.038046
  0.513943       -0.087399       -0.087497
  0.511057       -0.069326       -0.069415
  0.518943       -0.118645       -0.118744
  0.516057       -0.100628       -0.100716
  0.523943       -0.149774       -0.149874
  0.521057       -0.131831       -0.131917
  0.528943       -0.180755       -0.180856
  0.526057       -0.162904       -0.162988
  0.533943       -0.211558       -0.211659
  0.531057       -0.193817       -0.193899
  0.538943       -0.242151       -0.242254
  0.536057       -0.224538       -0.224617
  0.543943       -0.272506       -0.272610
  0.541057       -0.255037       -0.255115
  0.548943       -0.302592       -0.302696
  0.546057       -0.285285       -0.285360
  0.553943       -0.332379       -0.332484
  0.551057       -0.315251       -0.315324
  0.558943       -0.361839       -0.361944
  0.556057       -0.344906       -0.344977
  0.563943       -0.390941       -0.391046
  0.561057       -0.374220       -0.374289
  0.568943       -0.419657       -0.419763
  0.566057       -0.403166       -0.403232
  0.573943       -0.447959       -0.448065
  0.571057       -0.431713       -0.431777
  0.578943       -0.475820       -0.475925
  0.576057       -0.459835       -0.459896
  0.583943       -0.503210       -0.503316
  0.581057       -0.487502       -0.487561
  0.588943       -0.530104       -0.530210
  0.586057       -0.514689       -0.514745
  0.593943       -0.556475       -0.556580
  0.591057       -0.541367       -0.541420
  0.598943       -0.582296       -0.582401
  0.596057       -0.567512       -0.567562
  0.603943       -0.607543       -0.607648
  0.601057       -0.593096       -0.593143
  0.608943       -0.632191       -0.632295
  0.606057       -0.618095       -0.618139
  0.613943       -0.656214       -0.656317
  0.611057       -0.642484       -0.642525
  0.618943       -0.679590       -0.679692
  0.616057       -0.666239       -0.666277
  0.623943       -0.702295       -0.702397
  0.621057       -0.689336       -0.689372
  0.628943       -0.724308       -0.724408
  0.626057       -0.711753       -0.711786
  0.633943       -0.745605       -0.745704
  0.631057       -0.733468       -0.733497
  0.638943       -0.766166       -0.766264
  0.636057       -0.754459       -0.754485
  0.643943       -0.785972       -0.786069
  0.641057       -0.774705       -0.774728
  0.648943       -0.805002       -0.805097
  0.646057       -0.794187       -0.794207
  0.653943       -0.823237       -0.823331
  0.651057       -0.812884       -0.812901
  0.658943       -0.840660       -0.840752
  0.656057       -0.830780       -0.830794
  0.663943       -0.857253       -0.857344
  0.661057       -0.847856       -0.847867
  0.668943       -0.873000       -0.873089
  0.666057       -0.864095       -0.864103
  0.673943       -0.887886       -0.887973
  0.671057       -0.879482       -0.879486
  0.678943       -0.901895       -0.901980
  0.676057       -0.894000       -0.894001
  0.683943       -0.915015       -0.915098
  0.681057       -0.907636       -0.907634
  0.688943       -0.927231       -0.927312
  0.686057       -0.920377       -0.920371
  0.693943       -0.938532       -0.938611
  0.691057       -0.932209       -0.932200
  0.698943       -0.948908       -0.948984
  0.696057       -0.943121       -0.943109
  0.703943       -0.958346       -0.958420
  0.701057       -0.953102       -0.953087
  0.708943       -0.966839       -0.966911
  0.706057       -0.962143       -0.962125
  0.713943       -0.974378       -0.974447
  0.711057       -0.970235       -0.970213
  0.718943       -0.980955       -0.981022
  0.716057       -0.977368       -0.977343
  0.723943       -0.986564       -0.986628
  0.721057       -0.983538       -0.983510
  0.728943       -0.991199       -0.991261
  0.726057       -0.988736       -0.988705
  0.733943       -0.994857       -0.994915
  0.731057       -0.992959       -0.992925
  0.738943       -0.997532       -0.997588
  0.736057       -0.996202       -0.996165
  0.743943       -0.999223       -0.999276
  0.741057       -0.998462       -0.998422
  0.748943       -0.999928       -0.999978
  0.746057       -0.999736       -0.999693
  0.753943       -0.999646       -0.999693
  0.751057       -1.000024       -0.999978
  0.758943       -0.998377       -0.998422
  0.756057       -0.999325       -0.999276
  0.763943       -0.996124       -0.996165
  0.761057       -0.997640       -0.997588
  0.768943       -0.992887       -0.992925
  0.766057       -0.994970       -0.994915
  0.773943       -0.988670       -0.988705
  0.771057       -0.991318       -0.991261
  0.778943       -0.983478       -0.983510
  0.776057       -0.986688       -0.986628
  0.783943       -0.977315       -0.977343
  0.781057       -0.981084       -0.981022
  0.788943       -0.970187       -0.970213
  0.786057       -0.974512       -0.974447
  0.793943       -0.962103       -0.962125
  0.791057       -0.966978       -0.966911
  0.798943       -0.953068       -0.953087
  0.796057       -0.958490       -0.958420
  0.803943       -0.943093       -0.943109
  0.801057       -0.949056       -0.948984
  0.808943       -0.932188       -0.932200
  0.806057       -0.938686       -0.938611
  0.813943       -0.920362       -0.920371
  0.811057       -0.927389       -0.927312
  0.818943       -0.907628       -0.907634
  0.816057       -0.915177       -0.915098
  0.823943       -0.893999       -0.894001
  0.821057       -0.902061       -0.901980
  0.828943       -0.879487       -0.879486
  0.826057       -0.888056       -0.887973
  0.833943       -0.864107       -0.864103
  0.831057       -0.873174       -0.873089
  0.838943       -0.847874       -0.847867
  0.836057       -0.857430       -0.857344
  0.843943       -0.830805       -0.830794
  0.841057       -0.840840       -0.840752
  0.848943       -0.812916       -0.812901
  0.846057       -0.823421       -0.823331
  0.853943       -0.794224       -0.794207
  0.851057       -0.805188       -0.805097
  0.858943       -0.774749       -0.774728
  0.856057       -0.786161       -0.786069
  0.863943       -0.754509       -0.754485
  0.861057       -0.766359       -0.766264
  0.868943       -0.733524       -0.733497
  0.866057       -0.745800       -0.745704
  0.873943       -0.711816       -0.711786
  0.871057       -0.724505       -0.724408
  0.878943       -0.689405       -0.689372
  0.876057       -0.702495       -0.702397
  0.883943       -0.666314       -0.666277
  0.881057       -0.679791       -0.679692
  0.888943       -0.642565       -0.642525
  0.886057       -0.656417       -0.656317
  0.893943       -0.618182       -0.618139
  0.891057       -0.632395       -0.632295
  0.898943       -0.593189       -0.593143
  0.896057       -0.607749       -0.607648
  0.903943       -0.567611       -0.567562
  0.901057       -0.582503       -0.582401
  0.908943       -0.541472       -0.541420
  0.906057       -0.556682       -0.556580
  0.913943       -0.514799       -0.514745
  0.911057       -0.530312       -0.530210
  0.918943       -0.487618       -0.487561
  0.916057       -0.503419       -0.503316
  0.923943       -0.459956       -0.459896
  0.921057       -0.476028       -0.475925
  0.928943       -0.431840       -0.431777
  0.926057       -0.448168       -0.448065
  0.933943       -0.403298       -0.403232
  0.931057       -0.419866       -0.419763
  0.938943       -0.374357       -0.374289
  0.936057       -0.391149       -0.391046
  0.943943       -0.345048       -0.344977
  0.941057       -0.362046       -0.361944
  0.948943       -0.315397       -0.315324
  0.946057       -0.332586       -0.332484
  0.953943       -0.285436       -0.285360
  0.951057       -0.302798       -0.302696
  0.958943       -0.255193       -0.255115
  0.956057       -0.272711       -0.272610
  0.963943       -0.224697       -0.224617
  0.961057       -0.242355       -0.242254
  0.968943       -0.193981       -0.193899
  0.966057       -0.211759       -0.211659
  0.973943       -0.163072       -0.162988
  0.971057       -0.180955       -0.180856
  0.978943       -0.132003       -0.131917
  0.976057       -0.149972       -0.149874
  0.983943       -0.100804       -0.100716
  0.981057       -0.118841       -0.118744
  0.988943       -0.069505       -0.069415
  0.986057       -0.087593       -0.087497
  0.993943       -0.038137       -0.038046
  0.991057       -0.056258       -0.056163
  0.998943       -0.006732       -0.006639
  0.996057       -0.024868       -0.024774
------------------------
