nt =   500
nx =  2000
save_max =   10
time_save =  0.000750
time_save =  0.050250
time_save =  0.100500
time_save =  0.150000
time_save =  0.200250
time_save =  0.250501
time_save =  0.300001
time_save =  0.350251
time_save =  0.400502
time_save =  0.450002
