nt =   500
nx =  8000
save_max =   10
time_save =  0.000063
time_save =  0.100001
time_save =  0.200059
time_save =  0.300052
time_save =  0.400045
time_save =  0.500038
time_save =  0.600016
time_save =  0.700030
time_save =  0.800058
time_save =  0.900014
