nt =   500
nx =   200
save_max =   10
time_save =  0.000000
time_save =  0.051583
time_save =  0.100001
time_save =  0.150233
time_save =  0.200481
time_save =  0.250752
time_save =  0.300988
time_save =  0.351234
time_save =  0.401497
time_save =  0.451746
