nt =   500
nx =   100
save_max =   10
time_save =  0.005002
time_save =  0.103362
