nt =   500
nx = 10000
save_max =   10
time_save =  0.000050
time_save =  0.100005
time_save =  0.200022
time_save =  0.300034
time_save =  0.400005
time_save =  0.500050
time_save =  0.600069
time_save =  0.700062
time_save =  0.800069
time_save =  0.900005
